12
1 2028.88771789356770725021 1.00000000000000000000 0.00000000000000000000 0 1014.44385894678385362511
2 1712.59156681690204959700 1.00000000000000000000 0.00000000000000000000 0 856.29578340845102479850
3 1820.65293849326660957644 1.00000000000000000000 0.00000000000000000000 0 910.32646924663330478822
4 1367.60271238343023547657 1.00000000000000000000 0.00000000000000000000 0 683.80135619171511773828
5 1500.00000000000000000000 0.00000000000000000000 0.00000000000000000000 0 0.00000000000000000000
6 1500.00000000000000000000 0.00000000000000000000 0.00000000000000000000 0 0.00000000000000000000
7 1632.39728761656976452343 1.00000000000000000000 0.00000000000000000000 0 816.19864380828488226172
8 1500.00000000000000000000 0.00000000000000000000 0.00000000000000000000 0 0.00000000000000000000
9 1500.00000000000000000000 1.00000000000000000000 0.00000000000000000000 0 750.00000000000000000000
10 1500.00000000000000000000 0.00000000000000000000 0.00000000000000000000 0 0.00000000000000000000
11 1500.00000000000000000000 0.00000000000000000000 0.00000000000000000000 0 0.00000000000000000000
12 1436.11966285299524215269 1.00000000000000000000 0.00000000000000000000 0 718.05983142649762107634
13 1500.00000000000000000000 0.00000000000000000000 0.00000000000000000000 0 0.00000000000000000000
14 1563.88033714700475784731 1.00000000000000000000 0.00000000000000000000 0 781.94016857350237892366
15 1500.00000000000000000000 0.00000000000000000000 0.00000000000000000000 0 0.00000000000000000000
16 1287.40843318309795040300 1.00000000000000000000 0.00000000000000000000 0 643.70421659154897520150
17 971.11228210643229286081 1.00000000000000000000 0.00000000000000000000 0 485.55614105321614643040
18 1500.00000000000000000000 0.00000000000000000000 0.00000000000000000000 0 0.00000000000000000000
19 1500.00000000000000000000 0.00000000000000000000 0.00000000000000000000 0 0.00000000000000000000
20 1500.00000000000000000000 0.00000000000000000000 0.00000000000000000000 0 0.00000000000000000000
21 1500.00000000000000000000 0.00000000000000000000 0.00000000000000000000 0 0.00000000000000000000
22 1500.00000000000000000000 0.00000000000000000000 0.00000000000000000000 0 0.00000000000000000000
23 1500.00000000000000000000 0.00000000000000000000 0.00000000000000000000 0 0.00000000000000000000
24 1500.00000000000000000000 0.00000000000000000000 0.00000000000000000000 0 0.00000000000000000000
25 1179.34706150673339020152 1.00000000000000000000 0.00000000000000000000 0 589.67353075336669510076
26 1500.00000000000000000000 0.00000000000000000000 0.00000000000000000000 0 0.00000000000000000000
27 1500.00000000000000000000 0.00000000000000000000 0.00000000000000000000 0 0.00000000000000000000
28 1500.00000000000000000000 0.00000000000000000000 0.00000000000000000000 0 0.00000000000000000000
