26
1 2141.03235552295376220577 1.92231619358593921467 0.00000000000000000000 0 1576.16250526339944637577
2 1542.56151802942057282841 1.92231619358593921467 0.00000000000000000000 0 1135.58658770773446122782
3 1918.49931137311568096759 1.92231619358593921467 0.00000000000000000000 0 1412.34048759686673979452
4 1314.97091574253579815412 1.92231619358593921467 0.00000000000000000000 0 968.04135050029213765965
5 1500.00000000000000000000 0.00000000000000000000 0.00000000000000000000 0 0.00000000000000000000
6 1716.32355969878965917808 1.00000000000000000000 0.00000000000000000000 0 858.16177984939482958904
7 1632.39728761656976452343 0.92231619358593921467 0.00000000000000000000 0 771.04457705012850105009
8 1438.96705641869536540511 1.00000000000000000000 0.00000000000000000000 0 719.48352820934768270256
9 1549.86186668332537208492 1.92231619358593921467 0.00000000000000000000 0 1140.96088099851677988283
10 1500.00000000000000000000 0.00000000000000000000 0.00000000000000000000 0 0.00000000000000000000
11 1500.00000000000000000000 0.00000000000000000000 0.00000000000000000000 0 0.00000000000000000000
12 1548.91658335570240889734 1.92231619358593921467 0.00000000000000000000 0 1140.26499233807380639938
13 1790.08061865217420804974 1.00000000000000000000 0.00000000000000000000 0 895.04030932608710402487
14 1552.70160759467904743047 1.92231619358593921467 0.00000000000000000000 0 1143.05141136233509180364
15 1500.00000000000000000000 0.00000000000000000000 0.00000000000000000000 0 0.00000000000000000000
16 1393.13219011597448626638 1.92231619358593921467 0.00000000000000000000 0 1025.58128898521444383185
17 854.51420598759397129207 1.92231619358593921467 0.00000000000000000000 0 629.06721059971913273534
18 1881.73993185476968958980 1.00000000000000000000 0.00000000000000000000 0 940.86996592738484479490
19 1500.00000000000000000000 0.00000000000000000000 0.00000000000000000000 0 0.00000000000000000000
20 1500.00000000000000000000 0.00000000000000000000 0.00000000000000000000 0 0.00000000000000000000
21 1500.00000000000000000000 0.00000000000000000000 0.00000000000000000000 0 0.00000000000000000000
22 1329.07625472833431756747 1.00000000000000000000 0.00000000000000000000 0 664.53812736416715878374
23 1500.00000000000000000000 0.00000000000000000000 0.00000000000000000000 0 0.00000000000000000000
24 1500.00000000000000000000 0.00000000000000000000 0.00000000000000000000 0 0.00000000000000000000
25 1140.08893369408457163505 1.92231619358593921467 0.00000000000000000000 0 839.29858664626844588774
26 1193.80912636699986828503 1.00000000000000000000 0.00000000000000000000 0 596.90456318349993414252
27 1500.00000000000000000000 0.00000000000000000000 0.00000000000000000000 0 0.00000000000000000000
28 979.39627326735546930525 1.00000000000000000000 0.00000000000000000000 0 489.69813663367773465263
