89
1 2290.20216685406045953322 3.77101111052630279708 0.00000000000000000000 0 2122.44296045672674666527
2 1785.03828157434990808738 2.90964439611692528244 0.00000000000000000000 0 1547.48704559599262287062
3 2083.44017615620717864822 6.44649392656339284167 0.00000000000000000000 0 2059.55144978725686866206
4 1408.03018848407895335928 3.80054311425726458842 0.00000000000000000000 0 1306.98061399672103777281
5 880.69739130779449887143 0.89605964191195245608 0.00000000000000000000 0 407.45255952640486632466
6 1560.25212521165330437078 5.81068280937464152298 0.00000000000000000000 0 1532.45467494498723293184
7 1654.91701341008739789551 5.92395983983398774584 0.00000000000000000000 0 1627.65947605993655711298
8 1601.70648670989841066969 4.91462316746268906712 0.00000000000000000000 0 1548.60166640406970839372
9 1447.36277364679512302814 2.05956576960172202005 0.00000000000000000000 0 1100.15749148872891827189
10 1500.00000000000000000000 0.00000000000000000000 0.00000000000000000000 0 0.00000000000000000000
11 1500.00000000000000000000 0.00000000000000000000 0.00000000000000000000 0 0.00000000000000000000
12 1543.59450355044185987374 6.61891894975515625949 0.00000000000000000000 0 1527.88942616402405338949
13 1866.41271355384028285407 3.38014789917176253155 0.00000000000000000000 0 1687.15338033279202867298
14 1483.80498042086403853723 6.45165485033500599133 0.00000000000000000000 0 1466.85242421900476306185
15 1500.00000000000000000000 0.00000000000000000000 0.00000000000000000000 0 0.00000000000000000000
16 1406.19341864160543620343 5.72802023161481695330 0.00000000000000000000 0 1379.66330223761011442019
17 847.90233383569859448858 2.84414986749847275844 0.00000000000000000000 0 729.82367590211084706908
18 1567.33190572891799619004 4.88836661578870230842 0.00000000000000000000 0 1514.41237390700869047677
19 1145.06272403340434784536 2.43507995964476981507 0.00000000000000000000 0 933.32552323419709289221
20 1500.00000000000000000000 0.00000000000000000000 0.00000000000000000000 0 0.00000000000000000000
21 666.24886389735205161067 0.72363461872018903815 0.00000000000000000000 0 262.78861200461091179870
22 996.12451443358404606920 2.61727530350710772800 0.00000000000000000000 0 833.78088356889084825641
23 1500.00000000000000000000 0.00000000000000000000 0.00000000000000000000 0 0.00000000000000000000
24 1500.00000000000000000000 0.00000000000000000000 0.00000000000000000000 0 0.00000000000000000000
25 1341.18639304252951971463 7.34255356847534529753 0.00000000000000000000 0 1332.92296461667074780610
26 1301.67648776531050691663 1.58585782806150781964 0.00000000000000000000 0 868.05351234889645561932
27 1500.00000000000000000000 0.00000000000000000000 0.00000000000000000000 0 0.00000000000000000000
28 1215.68706382791108921992 3.10378251789195157002 0.00000000000000000000 0 1074.27379624162726712289
