70
1 2256.63223999106774408929 3.17913538753068698642 0.00000000000000000000 0 2007.49096846806184035739
2 1785.03828157434990808738 3.24715483213653013754 0.00000000000000000000 0 1597.03885296621984624110
3 2047.43023824772354568591 5.04896942275411951193 0.00000000000000000000 0 1985.58334770805800151283
4 1408.03018848407895335928 4.24139525595407746719 0.00000000000000000000 0 1333.58703349415135297473
5 880.69739130779449887143 1.00000000000000000000 0.00000000000000000000 0 440.34869565389724943572
6 1658.03194430056730235279 4.33940603271894300048 0.00000000000000000000 0 1576.12862281686672394354
7 1675.46846796686489200479 4.46582287503721015376 0.00000000000000000000 0 1599.64744873273504321975
8 1712.01052166445463353917 3.33940603271894300048 0.00000000000000000000 0 1542.87102031605014229587
9 1447.36277364679512302814 2.29846951393453853996 0.00000000000000000000 0 1153.14484711733799049416
10 1500.00000000000000000000 0.00000000000000000000 0.00000000000000000000 0 0.00000000000000000000
11 1500.00000000000000000000 0.00000000000000000000 0.00000000000000000000 0 0.00000000000000000000
12 1501.94518744307085822420 5.24139525595407746719 0.00000000000000000000 0 1462.24094697661559960622
13 1818.76867578196291252990 2.65623825451301575967 0.00000000000000000000 0 1530.25256076657882609027
14 1494.50464034588730877218 5.05472899893657218228 0.00000000000000000000 0 1449.53988660979695279885
15 1500.00000000000000000000 0.00000000000000000000 0.00000000000000000000 0 0.00000000000000000000
16 1377.45140033021540437730 4.24715483213653013754 0.00000000000000000000 0 1304.91511949226213140651
17 847.90233383569859448858 3.17406312534042373582 0.00000000000000000000 0 753.96080542438354388235
18 1498.31620304500401963388 4.33940603271894300048 0.00000000000000000000 0 1424.30250621360783358504
19 1082.64660352033098511537 1.68824004039619049119 0.00000000000000000000 0 746.69569049590097731262
20 1500.00000000000000000000 0.00000000000000000000 0.00000000000000000000 0 0.00000000000000000000
21 666.24886389735205161067 0.80757416680004204463 0.00000000000000000000 0 285.59307961166514358564
22 1329.07625472833431756747 0.77557238091686731343 0.00000000000000000000 0 552.68729960524560923529
23 1500.00000000000000000000 0.00000000000000000000 0.00000000000000000000 0 0.00000000000000000000
24 1500.00000000000000000000 0.00000000000000000000 0.00000000000000000000 0 0.00000000000000000000
25 1282.60826617810346605975 6.04896942275411951193 0.00000000000000000000 0 1263.23634044365760964457
26 1301.67648776531050691663 1.76981280473441464319 0.00000000000000000000 0 919.96404295014645230433
27 1500.00000000000000000000 0.00000000000000000000 0.00000000000000000000 0 0.00000000000000000000
28 1215.68706382791108921992 3.46381242131305780462 0.00000000000000000000 0 1105.50513844707167432357
