69
1 2256.63223999106774408929 3.19755193147737963501 0.00000000000000000000 0 2010.65113707160691980391
2 1785.03828157434990808738 3.26596540871729255646 0.00000000000000000000 0 1599.47417220955858629949
3 2047.43023824772354568591 5.07821780507352808125 0.00000000000000000000 0 1986.82457209242437878860
4 1408.03018848407895335928 4.26596540871729255646 0.00000000000000000000 0 1334.84411998857688352871
5 1500.00000000000000000000 0.00000000000000000000 0.00000000000000000000 0 0.00000000000000000000
6 1641.18466599749900702854 3.35875101506811806320 0.00000000000000000000 0 1481.20210411464744959531
7 1629.60390434679387983152 3.48590018270391905774 0.00000000000000000000 0 1484.15128731316167076670
8 1712.01052166445463353917 3.35875101506811806320 0.00000000000000000000 0 1545.12386052214660958626
9 1447.36277364679512302814 2.31178441237501904179 0.00000000000000000000 0 1155.84774662516483889618
10 1500.00000000000000000000 0.00000000000000000000 0.00000000000000000000 0 0.00000000000000000000
11 1500.00000000000000000000 0.00000000000000000000 0.00000000000000000000 0 0.00000000000000000000
12 1474.12872418687586884012 4.26596540871729255646 0.00000000000000000000 0 1397.50701063137302537775
13 1677.26878473146597514631 1.66583274511573409173 0.00000000000000000000 0 1148.65675716359923386189
14 1587.19244641301129794542 4.07821780507352808125 0.00000000000000000000 0 1493.22796964153859033964
15 1500.00000000000000000000 0.00000000000000000000 0.00000000000000000000 0 0.00000000000000000000
16 1383.15125706225168467078 3.26596540871729255646 0.00000000000000000000 0 1239.36541572602048599805
17 847.90233383569859448858 3.19245028597116748824 0.00000000000000000000 0 755.15049361021079121770
18 1571.41506250883125894724 3.35875101506811806320 0.00000000000000000000 0 1418.23363649991481261203
19 1082.64660352033098511537 1.69801991545859611813 0.00000000000000000000 0 748.96536410134838718244
20 1500.00000000000000000000 0.00000000000000000000 0.00000000000000000000 0 0.00000000000000000000
21 666.24886389735205161067 0.81225239635623552490 0.00000000000000000000 0 286.82543358467429986391
22 1329.07625472833431756747 0.78006522601337349861 0.00000000000000000000 0 555.10137144382065427228
23 1500.00000000000000000000 0.00000000000000000000 0.00000000000000000000 0 0.00000000000000000000
24 1500.00000000000000000000 0.00000000000000000000 0.00000000000000000000 0 0.00000000000000000000
25 1232.73538606762764457958 5.07821780507352808125 0.00000000000000000000 0 1196.24537636171499876969
26 1301.67648776531050691663 1.78006522601337349861 0.00000000000000000000 0 922.66704263069722008472
27 1500.00000000000000000000 0.00000000000000000000 0.00000000000000000000 0 0.00000000000000000000
28 1120.75052266093277519854 2.47808514147196961674 0.00000000000000000000 0 919.59544919364021375863
