105
1 2371.88420442655408693078 6.43811563406972556462 3.00000000000000000000 1 2262.46651164980261139448
2 1902.20633553874570642606 5.65278822964719306760 3.00000000000000000000 1 1750.96907611957943473602
3 2136.88682458976070765999 9.82675560615232629100 3.00000000000000000000 1 2127.47457759901147222870
4 1274.87304322261120970161 6.46504062600342859239 3.00000000000000000000 1 1217.14912830091647233388
5 1069.62587556672257638191 3.81695772662054992413 3.00000000000000000000 1 766.04589842354269330071
6 1691.24973141893294614757 9.24707231213601791968 3.00000000000000000000 1 1680.11649083820376349152
7 1613.48230891220903981953 9.35034952824289798332 3.00000000000000000000 1 1603.59476281372057460128
8 1742.44077945035315979627 8.43011458551546799534 3.00000000000000000000 1 1722.23383438442000881174
9 1246.68343956159531205063 4.87775242881060100116 3.00000000000000000000 1 1077.06760664456784393206
10 1121.07473723140265431386 3.00000000000000000000 3.00000000000000000000 1 560.53736861570132715693
11 1121.07473723140265431386 3.00000000000000000000 3.00000000000000000000 1 560.53736861570132715693
12 1600.57028143668752850903 9.98395937738642908106 3.00000000000000000000 1 1594.24815041385725244982
13 1779.36189292952991958252 7.03109897527822705864 3.00000000000000000000 1 1724.94263909288223080019
14 1617.44726585435164833982 9.83146093641664069011 3.00000000000000000000 1 1610.34616830974982970570
15 1121.07473723140265431386 3.00000000000000000000 3.00000000000000000000 1 560.53736861570132715693
16 1447.69885899023047592937 9.17170698103019355583 3.00000000000000000000 1 1437.65780480477395220085
17 994.42587451880712123842 5.59307539502823018295 3.00000000000000000000 1 912.02175082533153666065
18 1562.52324220959550249432 8.40617589688230337427 3.00000000000000000000 1 1544.09960455267108836441
19 1131.27683414025388441981 5.22011716064557169687 3.00000000000000000000 1 1009.87729474066845414271
20 1121.07473723140265431386 3.00000000000000000000 3.00000000000000000000 1 560.53736861570132715693
21 1403.52979765656088229075 3.65975395538644713341 3.00000000000000000000 1 959.32227263165228231534
22 1313.34829758799216059550 5.38622875295546245204 3.00000000000000000000 1 1187.73850784385414958155
23 1121.07473723140265431386 3.00000000000000000000 3.00000000000000000000 1 560.53736861570132715693
24 1121.07473723140265431386 3.00000000000000000000 3.00000000000000000000 1 560.53736861570132715693
25 1273.07109675306030227571 9.69437121182235700401 3.00000000000000000000 1 1266.92476319198434231428
26 1179.80918246358756829029 4.44586224549976662254 3.00000000000000000000 1 963.27130731303671945520
27 1121.07473723140265431386 3.00000000000000000000 3.00000000000000000000 1 560.53736861570132715693
28 1166.99970776053920717974 5.82978832115593817356 3.00000000000000000000 1 1084.92873413579779062754
