33
1 2204.91386551216489730898 2.84614046415336483594 0.00000000000000000000 0 1898.28151161390444812138
2 1542.56151802942057282841 1.84614046415336483594 0.00000000000000000000 0 1113.52047773793029705747
3 1969.50604426583759520852 2.84614046415336483594 0.00000000000000000000 0 1695.61132038744878558489
4 1314.97091574253579815412 1.84614046415336483594 0.00000000000000000000 0 949.23088978626085043810
5 1500.00000000000000000000 0.00000000000000000000 0.00000000000000000000 0 0.00000000000000000000
6 1596.50060555996242228627 1.96037294505100424271 0.00000000000000000000 0 1186.26058198793251297065
7 1632.39728761656976452343 0.88576751910236059323 0.00000000000000000000 0 748.94464929713237794084
8 1561.07105361421676981148 1.96037294505100424271 0.00000000000000000000 0 1159.93507934523816071959
9 1447.36277364679512302814 2.84614046415336483594 0.00000000000000000000 0 1246.08132625341015609077
10 1500.00000000000000000000 0.00000000000000000000 0.00000000000000000000 0 0.00000000000000000000
11 1500.00000000000000000000 0.00000000000000000000 0.00000000000000000000 0 0.00000000000000000000
12 1548.91658335570240889734 1.84614046415336483594 0.00000000000000000000 0 1118.10797411682164392843
13 1790.08061865217420804974 0.96037294505100424276 0.00000000000000000000 0 870.11514838023681228663
14 1634.45794618858821400931 2.84614046415336483594 0.00000000000000000000 0 1407.15759889311331543027
15 1500.00000000000000000000 0.00000000000000000000 0.00000000000000000000 0 0.00000000000000000000
16 1393.13219011597448626638 1.84614046415336483594 0.00000000000000000000 0 1005.65274302430910657868
17 883.68195360542045113661 2.84614046415336483594 0.00000000000000000000 0 760.79031517468171946783
18 1895.33575004288243037731 1.96037294505100424271 0.00000000000000000000 0 1408.30644352922472573031
19 1114.53596278302767696999 1.00000000000000000000 0.00000000000000000000 0 557.26798139151383848500
20 1500.00000000000000000000 0.00000000000000000000 0.00000000000000000000 0 0.00000000000000000000
21 666.24886389735205161067 1.00000000000000000000 0.00000000000000000000 0 333.12443194867602580533
22 1329.07625472833431756747 0.96037294505100424276 0.00000000000000000000 0 646.03201137518188440501
23 1500.00000000000000000000 0.00000000000000000000 0.00000000000000000000 0 0.00000000000000000000
24 1500.00000000000000000000 0.00000000000000000000 0.00000000000000000000 0 0.00000000000000000000
25 1223.47142431916075067111 2.84614046415336483594 0.00000000000000000000 0 1053.32603740215336884933
26 1193.80912636699986828503 0.96037294505100424276 0.00000000000000000000 0 580.28191261498708242161
27 1500.00000000000000000000 0.00000000000000000000 0.00000000000000000000 0 0.00000000000000000000
28 1285.38482836078238180644 1.96037294505100424271 0.00000000000000000000 0 955.08974394338302360552
