75
1 2290.20216685406045953322 4.08863157423780937925 0.00000000000000000000 0 2155.59348354431030836409
2 1785.03828157434990808738 3.15471463729191434178 0.00000000000000000000 0 1584.59855540681086760735
3 2055.77645814360574783031 5.90523506411351063175 0.00000000000000000000 0 2021.47417695742878429588
4 1408.03018848407895335928 4.12065096621675989313 0.00000000000000000000 0 1327.08846942807896196470
5 880.69739130779449887143 0.97153194115360586914 0.00000000000000000000 0 431.57319413058091650548
6 1619.70110996161321870179 5.21587156642110243588 0.00000000000000000000 0 1576.11971924773850994850
7 1693.00630371902916448956 5.33868956663307783197 0.00000000000000000000 0 1651.17004133790301434459
8 1569.60527860319008475187 4.24433962526749656696 0.00000000000000000000 0 1486.78877112187451758896
9 1447.36277364679512302814 2.23303654855520718214 0.00000000000000000000 0 1139.49345127817571021733
10 1500.00000000000000000000 0.00000000000000000000 0.00000000000000000000 0 0.00000000000000000000
11 1500.00000000000000000000 0.00000000000000000000 0.00000000000000000000 0 0.00000000000000000000
12 1527.22531707248632537599 6.09218290737036576249 0.00000000000000000000 0 1504.83948092505397375884
13 1818.76867578196291252990 2.58062030757349599656 0.00000000000000000000 0 1514.72684018049217258284
14 1471.47571396025775580796 5.91083067634227094910 0.00000000000000000000 0 1447.01800538973069687465
15 1500.00000000000000000000 0.00000000000000000000 0.00000000000000000000 0 0.00000000000000000000
16 1412.10311445217921977324 5.12624657844552021092 0.00000000000000000000 0 1371.67230599522384926203
17 847.90233383569859448858 3.08370370950606288284 0.00000000000000000000 0 747.88885903982645447785
18 1498.31620304500401963388 4.21587156642110243588 0.00000000000000000000 0 1417.68564292964900253047
19 1145.06272403340434784536 2.64017912357935293551 0.00000000000000000000 0 961.38513638074066131045
20 1500.00000000000000000000 0.00000000000000000000 0.00000000000000000000 0 0.00000000000000000000
21 666.24886389735205161067 0.78458409789675073829 0.00000000000000000000 0 279.47854915131253322746
22 1064.63435884696421385165 1.75349334073728793030 0.00000000000000000000 0 748.88215879611415287664
23 1500.00000000000000000000 0.00000000000000000000 0.00000000000000000000 0 0.00000000000000000000
24 1500.00000000000000000000 0.00000000000000000000 0.00000000000000000000 0 0.00000000000000000000
25 1373.63065799435860281363 6.87676700526711650067 0.00000000000000000000 0 1361.94221041409998806948
26 1301.67648776531050691663 1.71942966966213348187 0.00000000000000000000 0 906.39802288736817298398
27 1500.00000000000000000000 0.00000000000000000000 0.00000000000000000000 0 0.00000000000000000000
28 1215.68706382791108921992 3.36520440547024673517 0.00000000000000000000 0 1097.71088438955344723791
