48
1 2256.63223999106774408929 3.60992231315705520435 0.00000000000000000000 0 2071.80503746826108635304
2 1785.03828157434990808738 3.68715869376993130111 0.00000000000000000000 0 1646.45776727793844984582
3 2027.46228073757067911220 4.60416273697460253379 0.00000000000000000000 0 1944.10151515499992902480
4 1414.83066561431654539760 3.68715869376993130111 0.00000000000000000000 0 1304.99102614717855941340
5 1500.00000000000000000000 0.00000000000000000000 0.00000000000000000000 0 0.00000000000000000000
6 1641.18466599749900702854 3.79191034061836700899 0.00000000000000000000 0 1522.69548511663620071754
7 1727.67052851336831198470 2.80649282017378285466 0.00000000000000000000 0 1480.71292424683158917009
8 1712.01052166445463353917 3.79191034061836700899 0.00000000000000000000 0 1588.40790181658616309068
9 1447.36277364679512302814 2.60992231315705520435 0.00000000000000000000 0 1210.27317814421004460446
10 1500.00000000000000000000 0.00000000000000000000 0.00000000000000000000 0 0.00000000000000000000
11 1500.00000000000000000000 0.00000000000000000000 0.00000000000000000000 0 0.00000000000000000000
12 1501.16779157479690209875 3.68715869376993130111 0.00000000000000000000 0 1384.62541444540274837571
13 1677.26878473146597514631 1.88066587359614844645 0.00000000000000000000 0 1221.79244208451389941406
14 1587.19244641301129794542 4.60416273697460253379 0.00000000000000000000 0 1521.93373422048206922153
15 1500.00000000000000000000 0.00000000000000000000 0.00000000000000000000 0 0.00000000000000000000
16 1383.15125706225168467078 3.68715869376993130111 0.00000000000000000000 0 1275.77103192536509534971
17 847.90233383569859448858 3.60416273697460253400 0.00000000000000000000 0 778.17794156529937993350
18 1571.41506250883125894724 3.79191034061836700899 0.00000000000000000000 0 1457.96306198861375946763
19 1082.64660352033098511537 1.91700404320467123289 0.00000000000000000000 0 795.95762386962968465420
20 1500.00000000000000000000 0.00000000000000000000 0.00000000000000000000 0 0.00000000000000000000
21 666.24886389735205161067 0.91700404320467123284 0.00000000000000000000 0 313.39834672379695379441
22 1329.07625472833431756747 0.88066587359614844651 0.00000000000000000000 0 607.23274686207383410430
23 1500.00000000000000000000 0.00000000000000000000 0.00000000000000000000 0 0.00000000000000000000
24 1500.00000000000000000000 0.00000000000000000000 0.00000000000000000000 0 0.00000000000000000000
25 1195.19823462959593896038 4.60416273697460253379 0.00000000000000000000 0 1146.05668422530690109262
26 1193.80912636699986828503 0.88066587359614844651 0.00000000000000000000 0 545.43145470687906689600
27 1500.00000000000000000000 0.00000000000000000000 0.00000000000000000000 0 0.00000000000000000000
28 1120.75052266093277519854 2.79766991680081967935 0.00000000000000000000 0 959.56486812227915572659
