47
1 2204.91386551216489730898 2.62504143930884973213 0.00000000000000000000 0 1847.49669252177784739555
2 1654.68121400312146551670 2.70272524572291051735 0.00000000000000000000 0 1400.51783989042449585227
3 2038.37912673702324406477 3.62504143930884973213 0.00000000000000000000 0 1873.16820481474437631864
4 1379.42870106699767140945 2.70272524572291051735 0.00000000000000000000 0 1167.54483483098347895712
5 1500.00000000000000000000 0.00000000000000000000 0.00000000000000000000 0 0.00000000000000000000
6 1587.14845291141889171982 2.80808371268829980779 0.00000000000000000000 0 1360.52746822718414687614
7 1643.47586929127971677733 1.81695772662054992413 0.00000000000000000000 0 1177.02645157270875408972
8 1710.64993054460979149400 2.80808371268829980779 0.00000000000000000000 0 1466.39478793403155043595
9 1447.36277364679512302814 2.62504143930884973213 0.00000000000000000000 0 1212.74485095157005443145
10 1500.00000000000000000000 0.00000000000000000000 0.00000000000000000000 0 0.00000000000000000000
11 1500.00000000000000000000 0.00000000000000000000 0.00000000000000000000 0 0.00000000000000000000
12 1620.21165894454558120685 2.70272524572291051735 0.00000000000000000000 0 1371.34289889026053110843
13 1790.08061865217420804974 0.88576751910236059323 0.00000000000000000000 0 821.28983631646031721152
14 1570.97838073983691209445 3.62504143930884973213 0.00000000000000000000 0 1443.65035662615514422402
15 1500.00000000000000000000 0.00000000000000000000 0.00000000000000000000 0 0.00000000000000000000
16 1362.22381714790020956762 2.70272524572291051735 0.00000000000000000000 0 1152.98266620416638450486
17 847.90233383569859448858 3.62504143930884973213 0.00000000000000000000 0 779.17972750814661497820
18 1645.80629476683788847691 2.80808371268829980779 0.00000000000000000000 0 1410.80985039807098746500
19 1114.53596278302767696999 0.92231619358593921467 0.00000000000000000000 0 526.43857996476272254061
20 1500.00000000000000000000 0.00000000000000000000 0.00000000000000000000 0 0.00000000000000000000
21 666.24886389735205161067 0.92231619358593921467 0.00000000000000000000 0 314.69518932117099391244
22 1329.07625472833431756747 0.88576751910236059323 0.00000000000000000000 0 609.78081563712260076970
23 1500.00000000000000000000 0.00000000000000000000 0.00000000000000000000 0 0.00000000000000000000
24 1500.00000000000000000000 0.00000000000000000000 0.00000000000000000000 0 0.00000000000000000000
25 1171.76133280515345103101 3.62504143930884973213 0.00000000000000000000 0 1076.78990794784185647259
26 1193.80912636699986828503 0.88576751910236059323 0.00000000000000000000 0 547.72019302978723687136
27 1500.00000000000000000000 0.00000000000000000000 0.00000000000000000000 0 0.00000000000000000000
28 1285.38482836078238180644 1.80808371268829980790 0.00000000000000000000 0 918.31749453078911910042
