122
1 2371.88420442655408693078 6.11655333205753017848 3.00000000000000000000 1 2235.14676239717378281036
2 1902.20633553874570642606 5.40467653688645211212 3.00000000000000000000 1 1722.58916090750389227271
3 2136.88682458976070765999 9.18825839383183958983 3.00000000000000000000 1 2122.23471601465947489196
4 1274.87304322261120970161 6.14096006593671491815 3.00000000000000000000 1 1202.61041591276001694322
5 1069.62587556672257638191 3.74054877614328212788 3.00000000000000000000 1 749.53410410366167837548
6 1691.24973141893294614757 8.66279209374521127433 3.00000000000000000000 1 1674.55776641345988908771
7 1586.53428144155511825275 9.75640993160790229166 3.00000000000000000000 1 1579.19696224637232873089
8 1742.44077945035315979627 7.92224331760192914623 3.00000000000000000000 1 1713.70750332785638758715
9 1246.68343956159531205063 4.70212878554686706297 3.00000000000000000000 1 1055.11040706973018321602
10 1121.07473723140265431386 3.00000000000000000000 3.00000000000000000000 1 560.53736861570132715693
11 1121.07473723140265431386 3.00000000000000000000 3.00000000000000000000 1 560.53736861570132715693
12 1621.79790148952928408033 10.33075910910641979912 3.00000000000000000000 1 1616.76071122129082291430
13 1814.89821541320432740640 7.65407574392312353359 3.00000000000000000000 1 1778.85646483035140374973
14 1624.15500666035274890397 10.19252364092485891103 3.00000000000000000000 1 1618.60322830822723572108
15 1121.07473723140265431386 3.00000000000000000000 3.00000000000000000000 1 560.53736861570132715693
16 1460.94842693293343738326 9.59447558005615699223 3.00000000000000000000 1 1453.38932965682337095092
17 994.42587451880712123842 5.35054856287237189973 3.00000000000000000000 1 896.93660941859205598670
18 1522.40945700576085630740 8.90054358211733028915 3.00000000000000000000 1 1509.66677432337161068876
19 1131.27683414025388441981 5.01247260737936503345 3.00000000000000000000 1 991.08449633752087648553
20 1121.07473723140265431386 3.00000000000000000000 3.00000000000000000000 1 560.53736861570132715693
21 1403.52979765656088229075 3.59804806086870191794 3.00000000000000000000 1 939.91078629011615164224
22 1338.34268694062847504522 6.16304800728061020609 3.00000000000000000000 1 1263.63504879157731441985
23 1121.07473723140265431386 3.00000000000000000000 3.00000000000000000000 1 560.53736861570132715693
24 1121.07473723140265431386 3.00000000000000000000 3.00000000000000000000 1 560.53736861570132715693
25 1273.07109675306030227571 9.06825573273079166194 3.00000000000000000000 1 1263.58482272995929251991
26 1138.33542197323447286994 5.31063270654878031391 3.00000000000000000000 1 1023.60713718160337604157
27 1121.07473723140265431386 3.00000000000000000000 3.00000000000000000000 1 560.53736861570132715693
28 1166.99970776053920717974 5.56512204939328368469 3.00000000000000000000 1 1068.40307751872582020525
