96
1 2290.20216685406045953322 3.62157704603620348338 0.00000000000000000000 0 2104.13467701809583276784
2 1785.03828157434990808738 2.79434375774996230702 0.00000000000000000000 0 1527.72260541427069957532
3 2106.91644349774912070572 7.19103835750709785395 0.00000000000000000000 0 2092.49764518546047309400
4 1408.03018848407895335928 3.64993878343256450414 0.00000000000000000000 0 1295.86168902114564571715
5 880.69739130779449887143 0.86055143724433005446 0.00000000000000000000 0 395.66034057287591996221
6 1540.18827420263499505815 6.58042256239636756416 0.00000000000000000000 0 1524.09408000854394737988
7 1636.06902179318970036448 6.68921075774524220847 0.00000000000000000000 0 1620.21466833517089112249
8 1669.54785606009446186082 5.71987112515203750991 0.00000000000000000000 0 1637.87070670836606023357
9 1447.36277364679512302814 1.97795124367864384599 0.00000000000000000000 0 1079.94958300982416143921
10 1500.00000000000000000000 0.00000000000000000000 0.00000000000000000000 0 0.00000000000000000000
11 1500.00000000000000000000 0.00000000000000000000 0.00000000000000000000 0 0.00000000000000000000
12 1554.43109015935868155722 7.35663068483025939497 0.00000000000000000000 0 1544.94679697177754862381
13 1832.48403113687081578131 4.24620259263555052719 0.00000000000000000000 0 1735.92212043581808667003
14 1532.97168010956842665315 7.19599476906882571086 0.00000000000000000000 0 1522.51668442950381543444
15 1500.00000000000000000000 0.00000000000000000000 0.00000000000000000000 0 0.00000000000000000000
16 1390.35381176659091984060 6.50103565914765719764 0.00000000000000000000 0 1375.00345068916139101844
17 847.90233383569859448858 2.73144458441593177629 0.00000000000000000000 0 720.22932916099175754132
18 1481.80530709408121725623 5.69465504329400697137 0.00000000000000000000 0 1453.19456233999882532881
19 1145.06272403340434784536 2.33858491227872815062 0.00000000000000000000 0 918.67906713994187145600
20 1500.00000000000000000000 0.00000000000000000000 0.00000000000000000000 0 0.00000000000000000000
21 666.24886389735205161067 0.69495910992116851328 0.00000000000000000000 0 254.68906757630859628849
22 996.12451443358404606920 2.51356039123838202222 0.00000000000000000000 0 821.68030637824205086872
23 1500.00000000000000000000 0.00000000000000000000 0.00000000000000000000 0 0.00000000000000000000
24 1500.00000000000000000000 0.00000000000000000000 0.00000000000000000000 0 0.00000000000000000000
25 1341.18639304252951971463 7.05158979475142790819 0.00000000000000000000 0 1331.07644105025080749627
26 1301.67648776531050691663 1.52301495276761938351 0.00000000000000000000 0 848.74775144847445362828
27 1500.00000000000000000000 0.00000000000000000000 0.00000000000000000000 0 0.00000000000000000000
28 1215.68706382791108921992 2.98078875750571479814 0.00000000000000000000 0 1061.68910353562638537728
